{
    "intrinsics": {
        "54138969": {
            "K": [
                [
                    1145.04940458804,
                    0.0,
                    512.541504956548
                ],
                [
                    0.0,
                    1143.78109572365,
                    515.4514869776
                ],
                [
                    0.0,
                    0.0,
                    1.0
                ]
            ],
            "distCoef": [
                -0.207098910824901,
                0.247775183068982,
                -0.00142447157470321,
                -0.000975698859470499,
                -0.00307515035078854
            ],
            "width": 1000,
            "height": 1002
        },
        "55011271": {
            "K": [
                [
                    1149.67569986785,
                    0.0,
                    508.848621645943
                ],
                [
                    0.0,
                    1147.59161666764,
                    508.064917088557
                ],
                [
                    0.0,
                    0.0,
                    1.0
                ]
            ],
            "distCoef": [
                -0.194213629607385,
                0.240408539138292,
                -0.0027408943961907,
                -0.001619026613787,
                0.00681997559022603
            ],
            "width": 1000,
            "height": 1000
        },
        "58860488": {
            "K": [
                [
                    1149.14071676148,
                    0.0,
                    519.815837182153
                ],
                [
                    0.0,
                    1148.7989685676,
                    501.402658888552
                ],
                [
                    0.0,
                    0.0,
                    1.0
                ]
            ],
            "distCoef": [
                -0.208338188251856,
                0.255488007488945,
                -0.000759999321030303,
                0.00148438698385668,
                -0.00246049749891915
            ],
            "width": 1000,
            "height": 1000
        },
        "60457274": {
            "K": [
                [
                    1145.51133842318,
                    0.0,
                    514.968197319863
                ],
                [
                    0.0,
                    1144.77392807652,
                    501.882018537695
                ],
                [
                    0.0,
                    0.0,
                    1.0
                ]
            ],
            "distCoef": [
                -0.198384093827848,
                0.218323676298049,
                -0.00181336200488089,
                -0.000587205583421232,
                -0.00894780704152122
            ],
            "width": 1000,
            "height": 1002
        }
    },
    "extrinsics": {
        "S1": {
            "54138969": {
                "R": [
                    [
                        -0.9153617321513369,
                        0.40180836633680234,
                        0.02574754463350265
                    ],
                    [
                        0.051548117060134555,
                        0.1803735689384521,
                        -0.9822464900705729
                    ],
                    [
                        -0.399319034032262,
                        -0.8977836111057917,
                        -0.185819527201491
                    ]
                ],
                "t": [
                    [
                        1841.1070277454294
                    ],
                    [
                        4955.284623445259
                    ],
                    [
                        1563.4453958976999
                    ]
                ]
            },
            "55011271": {
                "R": [
                    [
                        0.9281683400814921,
                        0.3721538354721445,
                        0.002248380248018696
                    ],
                    [
                        0.08166409428175585,
                        -0.1977722953267526,
                        -0.976840363061605
                    ],
                    [
                        -0.3630902204349604,
                        0.9068559102440475,
                        -0.21395758897485287
                    ]
                ],
                "t": [
                    [
                        1761.2785342811603
                    ],
                    [
                        -5078.0065945407705
                    ],
                    [
                        1606.2649598335004
                    ]
                ]
            },
            "58860488": {
                "R": [
                    [
                        -0.9141549520542256,
                        -0.4027780222811878,
                        -0.045722952682337906
                    ],
                    [
                        -0.04562341383935875,
                        0.21430849526487267,
                        -0.9756999400261069
                    ],
                    [
                        0.40278930937200774,
                        -0.889854894701693,
                        -0.214287280609606
                    ]
                ],
                "t": [
                    [
                        -1846.7776610084
                    ],
                    [
                        5215.04650469073
                    ],
                    [
                        1491.9724657651795
                    ]
                ]
            },
            "60457274": {
                "R": [
                    [
                        0.9141562410494211,
                        -0.40060705854636447,
                        0.061905989962380774
                    ],
                    [
                        -0.05641000739510571,
                        -0.2769531972942539,
                        -0.9592261660183036
                    ],
                    [
                        0.40141783470104664,
                        0.8733904688919611,
                        -0.2757767409202658
                    ]
                ],
                "t": [
                    [
                        -1794.78972871109
                    ],
                    [
                        -3722.69891503676
                    ],
                    [
                        1574.89272604599
                    ]
                ]
            }
        },
        "S2": {
            "54138969": {
                "R": [
                    [
                        -0.9072826056858586,
                        0.4200536513985309,
                        0.019829356183203237
                    ],
                    [
                        0.06404223092375372,
                        0.18462275321422528,
                        -0.9807206695353717
                    ],
                    [
                        -0.4156162485733534,
                        -0.8885208882982778,
                        -0.1944061855483302
                    ]
                ],
                "t": [
                    [
                        2030.2404595828393
                    ],
                    [
                        4913.637965694268
                    ],
                    [
                        1611.6313636890995
                    ]
                ]
            },
            "55011271": {
                "R": [
                    [
                        0.9195695689704942,
                        0.3926824530407384,
                        0.013867187794489123
                    ],
                    [
                        0.09616327770610274,
                        -0.190692439252443,
                        -0.9769283584955307
                    ],
                    [
                        -0.38097825639298405,
                        0.8996871037676718,
                        -0.21311659595137136
                    ]
                ],
                "t": [
                    [
                        2036.16389517962
                    ],
                    [
                        -5139.338562104199
                    ],
                    [
                        1614.10120661275
                    ]
                ]
            },
            "58860488": {
                "R": [
                    [
                        -0.9231022562305128,
                        -0.3793547679556717,
                        -0.06302526930870815
                    ],
                    [
                        -0.023520852900409527,
                        0.21928184512961552,
                        -0.9753779994829639
                    ],
                    [
                        0.3838345920067314,
                        -0.898891223911909,
                        -0.2113423136836923
                    ]
                ],
                "t": [
                    [
                        -1689.7044260490895
                    ],
                    [
                        5178.85392024206
                    ],
                    [
                        1490.1315295919303
                    ]
                ]
            },
            "60457274": {
                "R": [
                    [
                        0.9239917699501332,
                        -0.37272063182115767,
                        0.08554846392108466
                    ],
                    [
                        -0.01857104155727153,
                        -0.2671779087245581,
                        -0.9634682566151569
                    ],
                    [
                        0.38196115703026423,
                        0.8886480156419687,
                        -0.2537919991167828
                    ]
                ],
                "t": [
                    [
                        -1641.6970516075696
                    ],
                    [
                        -3863.420772544739
                    ],
                    [
                        1543.98806588784
                    ]
                ]
            }
        },
        "S3": {
            "54138969": {
                "R": [
                    [
                        -0.909926063968229,
                        0.4142842734534348,
                        0.020077322541766036
                    ],
                    [
                        0.06112258570603725,
                        0.18181129378483157,
                        -0.9814319553432596
                    ],
                    [
                        -0.41024210855042,
                        -0.891803338310328,
                        -0.19075696094942407
                    ]
                ],
                "t": [
                    [
                        2120.1601383304896
                    ],
                    [
                        4927.389694045399
                    ],
                    [
                        1601.4574089954597
                    ]
                ]
            },
            "55011271": {
                "R": [
                    [
                        0.9248703521034336,
                        0.3800681977315835,
                        0.012767022876799783
                    ],
                    [
                        0.093795468138089,
                        -0.1954524371286302,
                        -0.9762175756342618
                    ],
                    [
                        -0.3685339088290622,
                        0.9040721817938792,
                        -0.21641683887726407
                    ]
                ],
                "t": [
                    [
                        2123.31672105987
                    ],
                    [
                        -5118.71133744668
                    ],
                    [
                        1613.5717668912798
                    ]
                ]
            },
            "58860488": {
                "R": [
                    [
                        -0.9218827889823751,
                        -0.38260686272952316,
                        -0.061189149122614306
                    ],
                    [
                        -0.02577019492115,
                        0.21811470471458455,
                        -0.9755828374059251
                    ],
                    [
                        0.3866109419452632,
                        -0.897796170731164,
                        -0.2109360457310579
                    ]
                ],
                "t": [
                    [
                        -1598.1719217866807
                    ],
                    [
                        5172.676587292661
                    ],
                    [
                        1487.8756977000205
                    ]
                ]
            },
            "60457274": {
                "R": [
                    [
                        0.9244960445794738,
                        -0.37161308683612865,
                        0.08491629554468147
                    ],
                    [
                        -0.018795005038688972,
                        -0.26693214570791374,
                        -0.963532032354589
                    ],
                    [
                        0.3807280017840865,
                        0.88918555053481,
                        -0.2537621827176058
                    ]
                ],
                "t": [
                    [
                        -1525.6226595357698
                    ],
                    [
                        -3867.76578824123
                    ],
                    [
                        1550.8495633030398
                    ]
                ]
            }
        },
        "S4": {
            "54138969": {
                "R": [
                    [
                        -0.906169211683753,
                        0.422346184383899,
                        0.021933087625945674
                    ],
                    [
                        0.06180306305120707,
                        0.18355044391174938,
                        -0.9810655512947585
                    ],
                    [
                        -0.4183751201899252,
                        -0.8876558652294037,
                        -0.19243004892662768
                    ]
                ],
                "t": [
                    [
                        2108.05645658467
                    ],
                    [
                        4916.35805859584
                    ],
                    [
                        1600.4481565056403
                    ]
                ]
            },
            "55011271": {
                "R": [
                    [
                        0.9205073288493492,
                        0.39058428754662783,
                        0.010496278213208041
                    ],
                    [
                        0.0923916650578188,
                        -0.1914846595009468,
                        -0.9771373523735801
                    ],
                    [
                        -0.3796446203523497,
                        0.900431862773358,
                        -0.21234976510469855
                    ]
                ],
                "t": [
                    [
                        2092.2785135019294
                    ],
                    [
                        -5135.848530744719
                    ],
                    [
                        1610.1719927489198
                    ]
                ]
            },
            "58860488": {
                "R": [
                    [
                        -0.9244800422436603,
                        -0.37641653359695837,
                        -0.060392422769829215
                    ],
                    [
                        -0.02551533125481826,
                        0.2191523935220463,
                        -0.9753569583924211
                    ],
                    [
                        0.3803756292983513,
                        -0.9001571094250204,
                        -0.21220640656557746
                    ]
                ],
                "t": [
                    [
                        -1606.3161190796898
                    ],
                    [
                        5191.68137642844
                    ],
                    [
                        1493.6037373527097
                    ]
                ]
            },
            "60457274": {
                "R": [
                    [
                        0.9241606780958346,
                        -0.3729066880542538,
                        0.0828712439019392
                    ],
                    [
                        -0.021270464031387784,
                        -0.2668345784720987,
                        -0.9635075895349796
                    ],
                    [
                        0.38141133756265905,
                        0.8886731174824772,
                        -0.2545299232755129
                    ]
                ],
                "t": [
                    [
                        -1585.2665192866398
                    ],
                    [
                        -3848.7127782810994
                    ],
                    [
                        1549.9347302185697
                    ]
                ]
            }
        },
        "S5": {
            "54138969": {
                "R": [
                    [
                        -0.9042074184788829,
                        0.42657831374650107,
                        0.020973473936051274
                    ],
                    [
                        0.06390493744399675,
                        0.18368565260974637,
                        -0.9809055713959477
                    ],
                    [
                        -0.4222855708380685,
                        -0.8856017859436166,
                        -0.1933503902128034
                    ]
                ],
                "t": [
                    [
                        2097.3915102744404
                    ],
                    [
                        4880.944657553691
                    ],
                    [
                        1605.7324718392701
                    ]
                ]
            },
            "55011271": {
                "R": [
                    [
                        0.9222116004775194,
                        0.38649075753002626,
                        0.012274293810989732
                    ],
                    [
                        0.09333184463870337,
                        -0.19167233853095322,
                        -0.9770111982052265
                    ],
                    [
                        -0.3752531555110883,
                        0.902156643264318,
                        -0.21283434941998647
                    ]
                ],
                "t": [
                    [
                        2031.7007849713796
                    ],
                    [
                        -5167.933012065808
                    ],
                    [
                        1612.9230508243895
                    ]
                ]
            },
            "58860488": {
                "R": [
                    [
                        -0.9258288614330635,
                        -0.3728674116124112,
                        -0.06173178026768599
                    ],
                    [
                        -0.023578112500148365,
                        0.220000562347259,
                        -0.9752147584905696
                    ],
                    [
                        0.3772068291381898,
                        -0.9014264506460582,
                        -0.21247437993123308
                    ]
                ],
                "t": [
                    [
                        -1620.59486278793
                    ],
                    [
                        5171.658733052469
                    ],
                    [
                        1496.4370469678695
                    ]
                ]
            },
            "60457274": {
                "R": [
                    [
                        0.9222815489764817,
                        -0.3772688722588351,
                        0.0840532119677073
                    ],
                    [
                        -0.021177649402562934,
                        -0.26645871124348197,
                        -0.9636136478735888
                    ],
                    [
                        0.3859381447632816,
                        0.88694303832152,
                        -0.25373962085111357
                    ]
                ],
                "t": [
                    [
                        -1637.17374540766
                    ],
                    [
                        -3867.317349171969
                    ],
                    [
                        1547.0332563879301
                    ]
                ]
            }
        },
        "S6": {
            "54138969": {
                "R": [
                    [
                        -0.9149503344107554,
                        0.4034864343564006,
                        0.008036345687245266
                    ],
                    [
                        0.07174776353922047,
                        0.1822275975157708,
                        -0.9806351824867137
                    ],
                    [
                        -0.3971374371533952,
                        -0.896655898321083,
                        -0.19567845056940925
                    ]
                ],
                "t": [
                    [
                        1935.45174694685
                    ],
                    [
                        4950.24580396107
                    ],
                    [
                        1618.0838152315298
                    ]
                ]
            },
            "55011271": {
                "R": [
                    [
                        0.9197364689900042,
                        0.39209901596964664,
                        0.018525368698999664
                    ],
                    [
                        0.101478073351267,
                        -0.19191459963948,
                        -0.9761511087296542
                    ],
                    [
                        -0.37919260045353465,
                        0.899681692667386,
                        -0.21630030892357308
                    ]
                ],
                "t": [
                    [
                        1969.8039076621599
                    ],
                    [
                        -5128.7387607111295
                    ],
                    [
                        1632.77883867694
                    ]
                ]
            },
            "58860488": {
                "R": [
                    [
                        -0.916577698818659,
                        -0.39393483656788014,
                        -0.06856140726771254
                    ],
                    [
                        -0.01984531630322392,
                        0.21607069980297702,
                        -0.9761760169700323
                    ],
                    [
                        0.3993638509543854,
                        -0.8933805444629346,
                        -0.20586334624209834
                    ]
                ],
                "t": [
                    [
                        -1769.5964765569402
                    ],
                    [
                        5185.361154549911
                    ],
                    [
                        1476.99340929046
                    ]
                ]
            },
            "60457274": {
                "R": [
                    [
                        0.9182950552949388,
                        -0.3850769011116475,
                        0.09192372735651859
                    ],
                    [
                        -0.015534985886560007,
                        -0.26706146429979655,
                        -0.9635542737695438
                    ],
                    [
                        0.3955917790277871,
                        0.8833990913037544,
                        -0.25122338635033875
                    ]
                ],
                "t": [
                    [
                        -1721.66874978818
                    ],
                    [
                        -3884.13134701978
                    ],
                    [
                        1540.4879023684605
                    ]
                ]
            }
        },
        "S7": {
            "54138969": {
                "R": [
                    [
                        -0.9055764231419416,
                        0.42392653746206904,
                        0.014752378956221508
                    ],
                    [
                        0.06862812683752326,
                        0.18074371881263407,
                        -0.9811329615890764
                    ],
                    [
                        -0.41859469903024304,
                        -0.8874784498483331,
                        -0.19277053457045695
                    ]
                ],
                "t": [
                    [
                        1974.5129562589098
                    ],
                    [
                        4926.354463798679
                    ],
                    [
                        1597.8326448784496
                    ]
                ]
            },
            "55011271": {
                "R": [
                    [
                        0.9212640765077017,
                        0.3886011826562522,
                        0.01617473877914905
                    ],
                    [
                        0.09922277503271489,
                        -0.1946115441987536,
                        -0.9758489574618522
                    ],
                    [
                        -0.3760682680727248,
                        0.9006194910741931,
                        -0.21784671226815075
                    ]
                ],
                "t": [
                    [
                        1937.0584290356994
                    ],
                    [
                        -5119.789815562879
                    ],
                    [
                        1631.5664808707197
                    ]
                ]
            },
            "58860488": {
                "R": [
                    [
                        -0.9245069728829368,
                        -0.37555597339631824,
                        -0.06515034871105972
                    ],
                    [
                        -0.018955014220249332,
                        0.21601110989507338,
                        -0.9762068980691586
                    ],
                    [
                        0.38069353097569036,
                        -0.9012751584550871,
                        -0.20682244613440448
                    ]
                ],
                "t": [
                    [
                        -1741.8111184422903
                    ],
                    [
                        5208.24936307788
                    ],
                    [
                        1464.82464578145
                    ]
                ]
            },
            "60457274": {
                "R": [
                    [
                        0.9228353966173104,
                        -0.3744001545228767,
                        0.09055029013436408
                    ],
                    [
                        -0.014982084363704698,
                        -0.269786590656035,
                        -0.9628035794752281
                    ],
                    [
                        0.3849030629889691,
                        0.8871525910436372,
                        -0.25457791009093983
                    ]
                ],
                "t": [
                    [
                        -1734.7105776460098
                    ],
                    [
                        -3832.4213539408497
                    ],
                    [
                        1548.58303462156
                    ]
                ]
            }
        },
        "S8": {
            "54138969": {
                "R": [
                    [
                        -0.9115694669712032,
                        0.4106494283805017,
                        0.020202818036194434
                    ],
                    [
                        0.060907749548984036,
                        0.1834736632003901,
                        -0.9811359034082424
                    ],
                    [
                        -0.40660958293025334,
                        -0.8931430243150293,
                        -0.19226072190306673
                    ]
                ],
                "t": [
                    [
                        2150.6518410211797
                    ],
                    [
                        4896.160950513761
                    ],
                    [
                        1611.90470612013
                    ]
                ]
            },
            "55011271": {
                "R": [
                    [
                        0.931016282525616,
                        0.3647626932499711,
                        0.01252434769597448
                    ],
                    [
                        0.08939715221301257,
                        -0.19463753190599434,
                        -0.9767929055586687
                    ],
                    [
                        -0.35385990285476776,
                        0.9105297407479727,
                        -0.2138194574051759
                    ]
                ],
                "t": [
                    [
                        2219.9656703358
                    ],
                    [
                        -5148.453075571739
                    ],
                    [
                        1613.0440164735096
                    ]
                ]
            },
            "58860488": {
                "R": [
                    [
                        -0.9209075762929309,
                        -0.3847355178017309,
                        -0.0625125368875214
                    ],
                    [
                        -0.02568138180824641,
                        0.21992027027623712,
                        -0.9751797482259595
                    ],
                    [
                        0.38893405939143305,
                        -0.8964450100611084,
                        -0.21240678280563546
                    ]
                ],
                "t": [
                    [
                        -1571.2214999779799
                    ],
                    [
                        5137.01858150498
                    ],
                    [
                        1498.1761279879101
                    ]
                ]
            },
            "60457274": {
                "R": [
                    [
                        0.927667052235436,
                        -0.3636062759574404,
                        0.08499597802942535
                    ],
                    [
                        -0.01666268768012713,
                        -0.26770413351564454,
                        -0.9633570738505596
                    ],
                    [
                        0.37303645269074087,
                        0.8922583555131325,
                        -0.2543989622245125
                    ]
                ],
                "t": [
                    [
                        -1476.9133823998793
                    ],
                    [
                        -3896.741123858199
                    ],
                    [
                        1547.97220703876
                    ]
                ]
            }
        },
        "S9": {
            "54138969": {
                "R": [
                    [
                        -0.9033486204435297,
                        0.4269119782787646,
                        0.04132109321984796
                    ],
                    [
                        0.04153061098352977,
                        0.182951140059007,
                        -0.9822444139329296
                    ],
                    [
                        -0.4268916470184284,
                        -0.8855930460167476,
                        -0.18299857527497945
                    ]
                ],
                "t": [
                    [
                        2044.4585250416603
                    ],
                    [
                        4935.117279847929
                    ],
                    [
                        1481.2275275286297
                    ]
                ]
            },
            "55011271": {
                "R": [
                    [
                        0.9315720471487059,
                        0.36348288012373176,
                        -0.007329176497134756
                    ],
                    [
                        0.06810069482701912,
                        -0.19426747906725159,
                        -0.9785818524481906
                    ],
                    [
                        -0.35712157080642226,
                        0.911120377575769,
                        -0.20572758986325015
                    ]
                ],
                "t": [
                    [
                        1990.9596621547994
                    ],
                    [
                        -5123.81055155997
                    ],
                    [
                        1568.8048157443698
                    ]
                ]
            },
            "58860488": {
                "R": [
                    [
                        -0.9269344193869241,
                        -0.3732303525241731,
                        -0.03862235247246717
                    ],
                    [
                        -0.04725991098820678,
                        0.218240494552814,
                        -0.9747500127472326
                    ],
                    [
                        0.37223525218497616,
                        -0.901704048173249,
                        -0.21993345934341726
                    ]
                ],
                "t": [
                    [
                        -1670.9921548941406
                    ],
                    [
                        5211.985741961241
                    ],
                    [
                        1528.38799771705
                    ]
                ]
            },
            "60457274": {
                "R": [
                    [
                        0.915460708083783,
                        -0.39734606500700814,
                        0.06362229623477154
                    ],
                    [
                        -0.04940628468469528,
                        -0.26789167566119776,
                        -0.9621814117644814
                    ],
                    [
                        0.39936288133525055,
                        0.8776959352388969,
                        -0.26487569589663096
                    ]
                ],
                "t": [
                    [
                        -1696.0434709716799
                    ],
                    [
                        -3827.099886285409
                    ],
                    [
                        1591.4127272788296
                    ]
                ]
            }
        },
        "S10": {
            "54138969": {
                "R": [
                    [
                        -0.9199955359932982,
                        0.39133749168985454,
                        0.021521648410310328
                    ],
                    [
                        0.0555185840851712,
                        0.18448351869097226,
                        -0.9812662829999691
                    ],
                    [
                        -0.3879766752957989,
                        -0.9015657485337887,
                        -0.19145051709809383
                    ]
                ],
                "t": [
                    [
                        1968.6409782266999
                    ],
                    [
                        5003.457905231229
                    ],
                    [
                        1605.9571372492198
                    ]
                ]
            },
            "55011271": {
                "R": [
                    [
                        0.9152587269115653,
                        0.40266346194010966,
                        0.01279059148853104
                    ],
                    [
                        0.09843295287698457,
                        -0.1927270179143742,
                        -0.9763028476624197
                    ],
                    [
                        -0.3906563919867918,
                        0.8948287171209015,
                        -0.21603043863220686
                    ]
                ],
                "t": [
                    [
                        2220.22912867327
                    ],
                    [
                        -5041.76480051425
                    ],
                    [
                        1612.2101789435503
                    ]
                ]
            },
            "58860488": {
                "R": [
                    [
                        -0.9117691356172892,
                        -0.4060874893594546,
                        -0.06140027948988781
                    ],
                    [
                        -0.03165845257462336,
                        0.21854812554171174,
                        -0.9753124931029975
                    ],
                    [
                        0.4094811176553588,
                        -0.887315990956964,
                        -0.21212153703897946
                    ]
                ],
                "t": [
                    [
                        -1762.3598490478298
                    ],
                    [
                        5158.93496663761
                    ],
                    [
                        1496.30302817594
                    ]
                ]
            },
            "60457274": {
                "R": [
                    [
                        0.9374925472123639,
                        -0.3377263929586908,
                        0.08395598501825681
                    ],
                    [
                        -0.009787543064644189,
                        -0.2667415901136707,
                        -0.9637183863060765
                    ],
                    [
                        0.3478676873784507,
                        0.9026570819545717,
                        -0.25337376437829157
                    ]
                ],
                "t": [
                    [
                        -1459.15110355738
                    ],
                    [
                        -3879.8091596396794
                    ],
                    [
